ERC/Finished/Automatic_landslide_length/workspace/dem_miletin_srtm.asc
ncols         440
nrows         465
xllcorner     648850.063
yllcorner     655917.469
cellsize      30
nodata_value  -9999.0
[rows 420 to 449 of 465, columns 268 to 334 of 440]
145.266 148.335 153.551 159.78 164.319 166.251 166.319 165.785 164.939 163.693 162.098 160.279 158.332 156.302 154.45 152.806 151.052 149.172 147.141 145.004 142.933 141.675 139.635 135.855 131.19 127.075 125.856 126.642 126.2 127.157 129.683 131.689 133.463 135.157 136.681 138.394 140.445 142.542 144.316 145.567 146.606 147.663 148.627 149.378 149.779 149.973 149.984 149.931 149.916 149.816 149.663 149.456 149.05 148.424 147.69 146.7 145.28 143.534 141.672 139.914 138.288 136.688 135.201 133.748 132.035 129.88 127.267
140.835 144.294 149.709 156.055 162.166 165.623 166.374 166.071 165.238 164.029 162.56 160.878 159.086 157.29 155.68 154.237 152.579 151.117 149.459 147.367 145.267 143.813 141.857 138.382 133.752 129.283 126.352 126.639 127.046 128.332 130.61 132.632 134.115 135.388 136.679 138.282 140.305 142.425 144.214 145.272 146.257 147.411 148.445 149.188 149.687 149.978 149.94 149.833 149.961 149.98 149.861 149.755 149.555 149.125 148.6 147.926 146.764 145.182 143.474 141.718 140.204 138.745 137.298 136.012 134.707 133.121 131.057
137.071 140.863 146.614 153.092 160.187 164.972 166.482 166.368 165.532 164.38 163.019 161.415 159.787 158.172 156.688 155.311 153.856 152.517 151.125 149.456 147.628 145.763 143.724 140.624 136.314 131.762 128.188 126.624 127.59 129.578 131.6 133.508 135.11 136.187 136.996 138.331 140.241 142.304 144.006 145.04 145.94 147.065 148.135 148.918 149.439 149.856 149.95 149.795 149.832 150.009 149.966 149.907 149.914 149.643 149.265 148.817 147.876 146.461 144.908 143.324 141.897 140.565 139.207 137.949 136.784 135.526 133.962
134.572 138.438 144.229 151.192 158.746 164.142 166.404 166.617 165.854 164.781 163.498 161.978 160.457 158.942 157.476 156.12 154.787 153.436 152.355 151.084 149.657 147.83 145.619 142.735 138.886 134.601 130.63 128.447 129.085 130.964 132.884 134.627 136.064 137.031 137.514 138.53 140.24 142.132 143.674 144.745 145.659 146.705 147.772 148.527 149.012 149.444 149.864 149.766 149.741 150.065 150.194 150.199 150.236 150.036 149.833 149.44 148.655 147.472 146.03 144.608 143.244 142.052 140.85 139.669 138.552 137.447 136.13
132.419 136.656 142.426 149.508 157.405 163.246 166.237 166.901 166.307 165.234 163.964 162.533 161.08 159.628 158.244 157.005 155.685 154.311 153.205 152.213 151.044 149.427 147.341 144.711 141.311 137.599 133.86 131.307 131.175 132.687 134.343 135.84 137.081 138.024 138.207 138.825 140.258 141.875 143.396 144.496 145.375 146.324 147.327 148.128 148.595 149.005 149.413 149.514 149.679 149.979 150.272 150.464 150.493 150.261 149.998 149.665 149.016 148.04 146.927 145.662 144.41 143.254 142.14 141.151 140.096 139.048 137.857
130.918 135.15 140.726 147.847 156.148 162.698 166.201 167.173 166.745 165.737 164.422 163.042 161.607 160.134 158.785 157.641 156.546 155.322 154.149 153.038 151.881 150.532 148.784 146.475 143.459 140.078 136.704 133.916 133.945 135.147 135.957 136.837 137.733 138.548 138.972 139.295 140.259 141.606 143.052 144.198 145.084 145.932 146.817 147.691 148.197 148.603 149.033 149.291 149.515 149.799 150.101 150.34 150.471 150.272 149.995 149.675 149.053 148.237 147.413 146.474 145.286 144.19 143.162 142.277 141.377 140.352 139.27
129.622 133.673 139.359 146.574 154.992 162.276 166.243 167.474 167.179 166.214 164.902 163.442 161.869 160.295 158.929 157.951 157.149 156.126 154.942 153.736 152.501 151.269 149.897 148 145.374 142.339 139.169 136.894 136.756 137.235 137.492 137.729 138.244 138.992 139.883 139.891 140.281 141.346 142.702 143.898 144.768 145.515 146.289 147.125 147.789 148.22 148.62 149.012 149.259 149.51 149.798 149.978 150.166 150.145 149.888 149.524 148.907 148.013 147.389 146.773 145.855 144.786 143.711 142.903 142.213 141.385 140.422
128.376 132.04 137.818 145.586 154.278 161.868 166.186 167.636 167.514 166.606 165.307 163.711 161.947 160.341 158.951 158.35 157.757 156.703 155.569 154.371 153.088 151.873 150.746 149.281 147.111 144.452 141.477 139.325 138.836 138.809 138.775 138.826 139.172 139.723 140.232 140.341 140.515 141.254 142.455 143.59 144.392 145.052 145.778 146.585 147.296 147.851 148.23 148.555 148.849 149.159 149.394 149.567 149.771 149.831 149.565 149.138 148.553 147.772 146.952 146.452 146.077 145.244 144.188 143.361 142.715 142.031 141.241
127.201 130.344 135.729 143.958 153.343 161.213 165.846 167.681 167.723 166.795 165.462 163.926 162.091 160.435 159.034 158.507 158.205 157.23 156.05 154.898 153.692 152.493 151.425 150.274 148.595 146.354 143.622 141.332 140.178 140.001 139.981 139.924 140.136 140.47 140.854 141.193 140.959 141.347 142.293 143.235 143.956 144.564 145.288 146.099 146.804 147.401 147.886 148.249 148.539 148.817 149.035 149.227 149.331 149.264 148.995 148.616 148.102 147.376 146.487 146.145 146.123 145.586 144.661 143.786 143.091 142.482 141.865
126.307 128.963 134.043 142.136 151.815 160.245 165.297 167.5 167.776 166.96 165.634 164.105 162.301 160.476 158.643 157.281 157.14 156.865 156.246 155.325 154.212 153.103 152.027 151.013 149.769 147.975 145.549 143.269 141.583 141.015 140.928 140.972 141.095 141.246 141.521 141.524 141.248 141.43 142.019 142.817 143.495 144.099 144.825 145.616 146.207 146.877 147.523 147.981 148.276 148.442 148.606 148.753 148.795 148.687 148.435 148.082 147.666 147.006 146.209 146.149 145.983 145.429 144.829 144.11 143.407 142.808 142.271
125.651 127.966 133.158 141.015 150.384 159.238 164.727 167.246 167.784 167.064 165.844 164.156 162.338 160.037 157.903 156.268 155.263 154.801 155.364 155.257 154.535 153.66 152.565 151.561 150.597 149.223 147.199 144.998 143.012 142.019 141.905 141.859 141.947 141.972 142.024 141.786 141.567 141.557 141.748 142.354 143.035 143.663 144.392 145.063 145.582 146.213 146.833 147.323 147.692 147.926 148.06 148.179 148.215 148.094 147.826 147.518 147.153 146.733 146.239 145.679 145.17 144.713 144.401 144.074 143.576 142.994 142.436
125.287 127.199 132.324 140.008 149.094 158.119 164.113 166.932 167.576 166.951 165.909 164.173 161.914 158.978 156.021 154.069 152.767 152.097 153.178 154.025 154.387 154.103 153.054 151.973 151.058 150.015 148.47 146.401 144.606 143.323 142.968 142.779 142.569 142.403 142.363 142.011 141.415 141.362 141.565 141.948 142.607 143.254 143.956 144.562 145.029 145.511 145.995 146.466 146.907 147.278 147.497 147.576 147.543 147.369 147.075 146.798 146.476 146.103 145.619 145.038 144.611 144.35 143.89 143.73 143.486 142.91 142.233
124.881 126.384 131.366 138.955 148.038 157.014 163.578 166.677 167.166 166.788 165.884 163.972 160.778 156.912 152.713 149.229 146.992 147.057 149.458 151.642 152.818 153.448 153.247 152.34 151.377 150.504 149.344 147.699 146.134 144.777 143.832 143.508 143.137 142.839 142.75 142.395 141.682 141.467 141.554 141.782 142.297 142.887 143.549 144.165 144.631 144.925 145.177 145.564 146.027 146.479 146.789 146.859 146.754 146.507 146.209 145.961 145.687 145.275 144.733 144.222 143.894 143.824 143.705 143.512 143.224 142.741 142.206
123.789 125.526 130.623 138.384 147.609 156.496 163.23 166.473 167.041 166.705 165.626 163.052 158.576 153.875 148.964 144.392 141.469 141.343 143.962 147.08 149.379 151.16 152.298 152.344 151.558 150.74 149.82 148.493 147.157 145.783 144.651 143.959 143.434 143.21 143.188 142.758 142.105 142.006 141.597 141.569 141.981 142.55 143.197 143.809 144.262 144.661 144.859 144.922 145.212 145.588 145.858 145.985 145.879 145.615 145.311 145.012 144.672 144.258 143.762 143.398 143.267 143.17 143.057 142.966 142.883 142.774 142.54
123.105 124.995 130.23 138.426 147.776 156.651 163.245 166.356 166.981 166.638 165.294 162.165 157.124 151.476 145.977 140.68 137.186 136.773 138.928 141.995 144.778 147.419 149.678 151.071 151.192 150.66 149.877 148.693 147.318 146.303 145.35 144.363 143.786 143.706 143.459 142.806 142.295 142.172 141.69 141.374 141.606 142.204 142.866 143.549 144.079 144.746 145.106 144.6 144.466 144.682 144.841 144.999 144.998 144.783 144.395 143.973 143.574 143.191 142.834 142.516 142.246 142.077 142 141.956 141.944 141.972 141.716
122.483 124.651 130.105 138.555 148.108 157.083 163.336 166.194 166.84 166.452 164.974 161.595 156.229 150.077 143.93 138.418 134.39 133.253 134.66 137.057 139.729 142.764 145.818 148.306 149.768 149.86 149.384 148.544 147.378 146.866 145.789 144.747 144.225 144.052 143.63 142.911 142.47 142.023 141.803 141.509 141.393 141.817 142.475 143.164 143.878 144.559 144.911 144.41 144.2 144.187 144.053 144.191 144.257 143.972 143.444 142.917 142.477 142.122 141.847 141.382 140.865 140.581 140.471 140.42 140.451 140.698 140.963
121.869 124.556 130.109 138.533 148.498 157.764 163.454 165.878 166.496 166.016 164.481 161.252 156.166 149.785 143.035 137.303 132.449 130.133 130.696 132.399 134.693 137.631 140.959 144.245 146.684 147.753 148.111 147.848 147.66 147.262 145.867 145.286 144.873 144.245 143.585 142.927 142.409 141.779 141.248 141.07 141.038 141.299 142.016 142.753 143.459 144.27 144.778 144.509 144.266 144.211 143.914 143.79 143.584 143.091 142.441 141.83 141.35 140.963 140.644 140.123 139.401 138.926 138.677 138.564 138.673 139.191 139.761
121.3 124.896 130.751 139.29 149.653 158.85 163.639 165.49 165.923 165.208 163.636 160.837 156.279 150.069 143.192 136.788 130.91 126.902 125.999 127.291 129.596 132.41 135.7 139.246 142.378 145.042 146.434 146.56 146.44 146.487 145.473 144.803 144.433 143.705 142.947 141.965 141.263 140.806 140.314 140.142 140.145 140.182 141.042 142.061 142.861 143.665 144.165 144.318 144.113 144.113 144.042 143.573 142.822 142.065 141.363 140.77 140.276 139.739 139.247 138.619 137.889 137.329 136.831 136.593 136.772 137.258 137.851
121.007 125.796 132.784 141.787 151.922 159.917 163.648 165.144 165.202 164.149 162.576 160.346 156.433 150.388 143.564 137.066 130.633 125.096 122.116 122.351 124.51 127.232 130.481 134.15 137.478 141.063 144.077 145.111 144.381 143.918 143.476 142.796 142.515 142.062 141.421 140.398 139.641 139.206 138.756 138.567 138.547 138.675 139.558 140.771 141.876 142.685 143.122 143.305 143.323 143.281 143.021 142.458 141.722 140.978 140.323 139.793 139.204 138.453 137.745 137.122 136.371 135.796 135.118 134.717 134.759 135.051 135.536
120.863 126.916 135.661 145.109 154.176 160.325 163.379 164.747 164.581 163.046 161.415 159.429 155.84 150.253 143.894 137.593 131.049 125.071 120.411 118.89 120.155 122.399 125.527 129.665 132.983 136.358 139.814 141.186 140.574 139.806 139.315 138.835 138.774 138.623 138.276 137.558 136.772 136.257 135.891 135.823 136.112 136.866 137.856 139.153 140.506 141.55 142.15 142.469 142.441 142.176 141.792 141.236 140.579 139.96 139.374 138.732 137.975 137.092 136.212 135.466 134.945 134.589 133.828 133.264 133.043 132.869 133.067
121.148 128.012 137.921 147.574 155.39 160.421 163.269 164.337 163.991 162.477 160.174 157.492 153.799 148.811 143.559 137.985 131.908 125.961 120.71 117.375 117.42 119.197 122.07 126.336 129.815 133.049 135.828 136.508 135.795 135.094 134.175 133.493 133.677 133.966 133.876 133.649 133.088 132.453 132.109 131.963 132.3 133.504 135.011 136.538 138.117 139.514 140.547 141.209 141.379 141.139 140.628 140.052 139.457 138.873 138.271 137.562 136.698 135.717 134.761 134.001 133.508 133.18 132.726 132.229 131.673 131.034 130.91
121.919 129.192 139.077 148.639 155.907 160.655 163.443 164.013 162.955 161.504 158.858 155.146 150.831 146.266 142.095 137.757 132.675 127.088 121.843 117.59 116.41 117.707 120.169 123.919 127.853 131.718 133.634 133.053 131.879 130.427 128.835 127.907 128.036 128.379 128.377 128.259 128.135 127.797 127.523 127.425 127.903 129.3 131.062 132.748 134.579 136.443 138.057 139.161 139.729 139.824 139.272 138.634 138.046 137.439 136.845 136.089 135.227 134.389 133.55 132.745 132.151 131.718 131.303 130.77 130.223 129.559 129.128
123.13 130.714 139.902 148.991 156.235 161.004 163.587 163.899 161.459 159.396 156.72 152.488 147.878 143.713 139.978 136.823 133.02 128.095 122.554 117.662 115.496 116.369 118.562 121.735 125.647 129.637 131.441 130.224 128.485 126.254 123.958 122.828 122.74 122.818 122.748 122.711 122.754 122.721 122.75 122.993 123.808 125.181 126.772 128.392 130.395 132.62 134.697 136.066 137.087 137.53 137.279 136.802 136.192 135.605 135.124 134.418 133.644 133.029 132.337 131.435 130.67 130.067 129.433 128.848 128.15 127.514 126.876
124.383 132.118 140.732 149.209 156.225 160.939 163.415 163.712 161.452 158.161 154.597 150.168 145.569 141.828 138.54 135.74 132.64 128.48 122.987 117.822 114.833 114.579 116.212 119.164 123.462 127.639 129.226 127.748 125.299 122.781 120.024 118.46 118.084 117.862 117.591 117.524 117.725 118.024 118.218 118.813 119.941 121.257 122.547 123.968 125.903 128.099 130.1 131.668 133.031 134.092 134.146 133.871 133.692 133.281 132.798 132.348 131.782 131.038 130.281 129.569 128.853 128.137 127.315 126.572 125.876 125.214 124.563
125.233 133 141.274 149.226 156.097 160.584 163.161 163.799 161.964 158.524 154.376 149.585 144.757 140.697 137.243 134.256 131.525 128.111 123.041 117.913 114.774 113.838 114.619 116.846 121.056 124.941 126.16 124.583 121.942 119.395 116.693 114.54 113.988 113.716 113.207 113.03 113.265 113.729 114.034 114.697 115.849 117.135 118.313 119.631 121.329 123.22 124.931 126.523 128.105 129.48 130.149 130.28 130.319 130.233 129.837 129.331 128.908 128.34 127.689 127.087 126.479 125.735 125.008 124.326 123.741 123.11 122.51
125.991 133.671 141.682 149.339 156.256 161.085 163.771 165.367 163.559 160.006 156.048 151.228 146.048 141.03 136.388 132.54 130.013 127.474 123.077 118.119 115.102 113.718 113.648 114.839 117.574 120.722 121.869 120.53 118.059 115.855 113.757 111.837 111.167 110.617 109.768 109.386 109.53 109.982 110.417 110.965 111.835 112.954 114.101 115.439 116.971 118.524 120.045 121.467 122.933 124.364 125.478 126.097 126.33 126.27 126.051 125.66 125.472 125.224 124.831 124.473 124.099 123.411 122.758 122.145 121.553 120.912 120.184
126.814 134.313 142.112 149.54 156.56 161.976 166.137 168.777 166.503 162.715 158.945 154.304 148.998 143.182 137.273 132.077 128.759 126.643 123.181 118.354 115.406 114.053 113.332 113.693 114.802 116.545 117.297 116.195 114.167 112.499 111.225 110.215 109.217 108.307 107.289 106.64 106.492 106.727 107.006 107.428 108.098 108.942 110.048 111.506 112.87 114.194 115.563 116.79 118.015 119.251 120.354 121.237 121.69 121.724 121.614 121.496 121.408 121.306 121.188 121.087 120.951 120.713 120.347 119.599 118.925 118.267 117.428
127.1 134.491 142.225 149.633 156.816 162.947 167.865 171.046 169.943 166.472 162.67 158.245 153.227 147.444 141.222 134.841 129.708 126.595 123.657 119.318 116.043 114.545 113.629 113.279 113.614 113.942 113.758 112.714 111.229 109.843 108.691 107.848 107.013 106.005 105.107 104.472 103.977 103.889 104.023 104.231 104.642 105.285 106.324 107.858 109.315 110.635 111.692 112.667 113.732 114.76 115.666 116.52 116.997 117.114 117.109 117.049 117.014 117.027 117.054 117.107 117.234 117.167 116.945 116.428 115.811 115.168 114.376
126.771 134.058 141.785 149.404 156.986 164.016 169.552 172.664 172.698 169.854 166.7 162.969 158.3 153.022 147.19 140.415 133.72 128.923 125.675 121.726 118.372 116.068 114.562 113.25 112.446 111.868 111.232 110.458 109.281 107.931 106.784 105.939 105.183 104.116 103.179 102.566 102.076 101.838 101.864 101.909 101.977 102.305 103.08 104.442 106.157 107.759 108.684 109.451 110.319 111.212 112.001 112.729 113.086 113.095 112.996 112.883 112.83 112.833 112.863 112.966 113.344 113.443 113.276 113.139 112.667 112.073 111.462
126.465 133.784 141.306 148.937 156.972 164.57 170.28 172.986 173.616 172.416 170.506 167.531 163.419 158.681 153.345 146.943 139.936 134.123 129.921 126.002 122.259 119.093 116.53 114.13 112.274 111.135 109.965 108.978 108.009 106.806 105.529 104.605 103.903 103.19 102.558 102.043 101.588 101.327 101.002 100.757 100.468 100.376 100.658 101.517 102.908 104.452 105.844 106.9 107.609 108.368 109.11 109.763 109.977 109.786 109.513 109.306 109.197 109.185 109.236 109.351 109.65 109.959 109.923 109.877 109.669 109.302 108.879
