ERC/Finished/Automatic_landslide_length/workspace/dem_miletin_srtm.asc
ncols         440
nrows         465
xllcorner     648850.063
yllcorner     655917.469
cellsize      30
nodata_value  -9999.0
[rows 0 to 29 of 465, columns 0 to 66 of 440]
-9999.0 -9999.0 -9999.0 -9999.0 -9999.0 -9999.0 -9999.0 -9999.0 -9999.0 -9999.0 -9999.0 -9999.0 -9999.0 -9999.0 -9999.0 -9999.0 -9999.0 -9999.0 -9999.0 -9999.0 -9999.0 -9999.0 -9999.0 -9999.0 -9999.0 -9999.0 -9999.0 -9999.0 -9999.0 95.402 90.58 85.616 81.377 77.699 74.747 72.65 71.742 71.807 71.349 71.113 71.041 70.585 70.296 70.28 70.413 70.559 70.672 70.851 70.946 70.789 70.74 70.476 70.47 70.694 70.883 70.975 71.062 70.91 70.917 70.874 70.713 70.479 70.514 70.58 70.796 71.125 71.413
-9999.0 -9999.0 -9999.0 -9999.0 -9999.0 -9999.0 -9999.0 -9999.0 -9999.0 -9999.0 -9999.0 -9999.0 -9999.0 -9999.0 -9999.0 -9999.0 -9999.0 -9999.0 -9999.0 -9999.0 -9999.0 -9999.0 -9999.0 99.722 99.841 99.483 99.515 99.454 98.005 95.805 91.904 86.979 82.49 78.566 75.437 73.178 71.968 71.656 71.232 71.028 71.065 70.341 70.059 70.108 70.095 70.319 70.497 70.747 70.908 70.748 70.68 70.516 70.47 70.655 70.818 70.949 70.968 70.635 70.62 70.901 70.875 70.566 70.289 70.188 70.24 70.454 70.797
-9999.0 -9999.0 -9999.0 -9999.0 -9999.0 -9999.0 -9999.0 -9999.0 -9999.0 -9999.0 -9999.0 -9999.0 -9999.0 -9999.0 -9999.0 -9999.0 -9999.0 -9999.0 -9999.0 -9999.0 -9999.0 98.245 98.168 98.306 98.356 98.134 98.047 98.23 97.461 95.726 92.843 88.58 83.989 79.825 76.497 74.032 72.269 71.251 70.992 70.959 70.982 70.341 70.367 70.273 70.112 70.251 70.481 70.693 70.693 70.554 70.569 70.546 70.467 70.57 70.796 70.952 70.692 70.339 70.235 70.562 70.764 70.376 70.127 70.117 70.002 69.994 70.192
-9999.0 -9999.0 -9999.0 -9999.0 -9999.0 -9999.0 -9999.0 -9999.0 -9999.0 -9999.0 -9999.0 -9999.0 -9999.0 -9999.0 -9999.0 -9999.0 -9999.0 -9999.0 98.627 98.247 97.751 97.14 96.852 96.877 96.822 96.694 96.781 96.784 96.495 94.863 93.133 90.202 85.922 81.568 77.971 75.255 73.219 71.972 71.325 71.001 70.911 70.97 70.675 70.441 70.424 70.668 70.807 70.738 70.576 70.463 70.535 70.604 70.453 70.461 70.805 71.023 70.694 70.458 70.453 70.436 70.629 70.707 70.467 70.321 70.124 69.947 69.98
-9999.0 -9999.0 -9999.0 -9999.0 -9999.0 -9999.0 -9999.0 -9999.0 -9999.0 -9999.0 -9999.0 -9999.0 -9999.0 -9999.0 -9999.0 -9999.0 -9999.0 98.259 97.935 97.438 97.004 96.418 95.788 95.551 95.394 95.282 95.343 95.372 95.385 94.015 93.095 91.205 87.916 83.798 79.864 76.872 74.727 73.213 72.02 71.27 70.845 70.964 70.81 70.694 70.822 70.88 70.875 70.784 70.682 70.661 70.695 70.721 70.554 70.429 70.762 70.87 70.903 70.942 70.916 70.907 70.87 70.791 70.627 70.575 70.446 70.207 70.133
-9999.0 -9999.0 -9999.0 -9999.0 -9999.0 -9999.0 -9999.0 -9999.0 -9999.0 -9999.0 -9999.0 -9999.0 -9999.0 -9999.0 -9999.0 98.04 97.817 97.525 97.073 96.658 96.343 95.842 95.067 94.457 94.16 93.955 93.972 94.107 94.034 92.622 92.249 91.428 89.381 86.013 82.101 78.962 76.671 74.673 72.93 71.952 71.496 71.24 71.132 71.19 71.32 71.25 71.094 71.144 71.152 71.108 71.083 70.904 70.627 70.387 70.543 70.591 70.696 71.045 71.255 71.192 71.132 70.944 70.755 70.964 70.981 70.718 70.339
-9999.0 -9999.0 -9999.0 -9999.0 -9999.0 -9999.0 -9999.0 -9999.0 -9999.0 -9999.0 -9999.0 -9999.0 -9999.0 -9999.0 97.602 97.498 97.328 96.77 96.308 96.029 95.707 95.15 94.585 93.86 93.226 92.808 92.661 92.716 92.792 92.641 91.697 91.036 90.218 87.883 84.534 81.566 78.937 76.562 74.598 73.378 72.744 72.407 72.195 72.096 72.104 71.961 71.892 72.064 72.137 71.976 71.668 71.248 70.827 70.553 70.284 70.238 70.476 70.835 71.074 70.834 70.626 71.021 71.34 71.338 71.292 71.149 70.81
-9999.0 -9999.0 -9999.0 -9999.0 -9999.0 -9999.0 -9999.0 -9999.0 -9999.0 -9999.0 -9999.0 -9999.0 96.928 96.951 96.973 97.017 96.937 96.239 95.849 95.67 95.104 94.218 93.377 93.266 92.839 92.063 91.689 91.576 91.509 91.424 91.192 90.772 90.392 89.058 87.131 84.985 82.18 79.784 77.693 75.945 74.909 74.311 73.973 73.828 73.792 73.797 73.912 74.077 73.963 73.357 72.556 71.81 71.177 70.841 70.415 70.152 70.24 70.487 70.659 70.525 70.289 70.705 71.288 71.411 71.355 71.288 71.137
-9999.0 -9999.0 -9999.0 -9999.0 -9999.0 -9999.0 -9999.0 -9999.0 -9999.0 -9999.0 -9999.0 95.989 96.18 96.203 96.217 96.242 96.174 95.838 95.429 94.974 94.273 93.326 92.526 92.278 91.9 91.375 90.922 90.427 90.197 90.061 89.899 89.723 89.81 89.265 88.439 87.459 85.688 83.59 81.553 79.694 78.381 77.354 76.715 76.691 76.882 77.194 77.437 77.48 76.922 75.997 74.566 72.981 71.775 71.09 70.589 70.221 70.16 70.235 70.319 70.169 70.201 70.778 71.369 71.459 71.383 71.333 71.304
-9999.0 -9999.0 -9999.0 -9999.0 -9999.0 -9999.0 -9999.0 -9999.0 -9999.0 -9999.0 94.754 95.169 95.382 95.407 95.41 95.382 95.291 95.045 94.718 94.185 93.372 92.485 91.805 91.369 90.825 90.298 89.746 89.12 88.765 88.628 88.481 88.435 88.476 88.437 88.688 88.397 87.702 86.652 85.137 83.776 82.733 81.617 80.589 80.517 81.06 81.634 81.801 81.755 81.354 80.271 78.317 75.274 72.818 71.433 70.71 70.214 69.971 70.058 70.153 69.992 70.206 70.973 71.581 71.516 71.402 71.354 71.331
-9999.0 -9999.0 -9999.0 -9999.0 -9999.0 -9999.0 -9999.0 -9999.0 -9999.0 93.547 93.864 94.297 94.586 94.7 94.749 94.703 94.579 94.422 94.126 93.434 92.521 91.737 91.081 90.503 89.881 89.261 88.77 88.186 87.702 87.432 87.313 87.197 87.306 87.551 87.755 87.899 87.886 87.683 87.287 86.778 86.298 85.83 85.545 85.496 85.549 85.609 85.47 85.307 84.941 83.803 81.863 78.16 74.516 72.231 71.091 70.465 70.087 70.084 70.248 70.154 70.38 71.236 71.613 71.412 71.222 71.058 71.094
-9999.0 -9999.0 -9999.0 -9999.0 -9999.0 -9999.0 -9999.0 -9999.0 91.975 92.471 92.828 93.202 93.597 93.841 93.961 93.942 93.837 93.587 93.073 92.27 91.455 90.749 90.132 89.709 89.299 88.715 88.185 87.671 87.308 86.908 86.592 86.537 86.304 86.371 86.745 87.11 87.431 87.679 87.804 87.873 87.896 87.83 87.865 88.004 88.105 88.123 87.977 87.415 86.66 85.674 83.681 80.323 76.614 73.577 71.788 70.983 70.512 70.272 70.321 70.395 70.333 71.157 71.435 71.088 70.857 70.723 70.919
-9999.0 -9999.0 -9999.0 -9999.0 -9999.0 -9999.0 -9999.0 89.802 90.543 91.212 91.653 91.967 92.291 92.59 92.772 92.799 92.694 92.365 91.796 91.093 90.402 89.818 89.346 89.155 88.937 88.517 87.931 87.45 87.051 86.653 86.296 85.993 85.329 85.141 85.459 85.861 86.319 86.737 87.074 87.479 87.813 88.014 88.189 88.428 88.656 88.801 88.762 88.289 87.37 86.418 84.649 82.196 78.949 75.438 72.953 71.761 70.962 70.463 70.402 70.52 70.645 71.108 71.073 70.748 70.638 70.671 70.871
-9999.0 -9999.0 -9999.0 -9999.0 -9999.0 -9999.0 -9999.0 88.005 88.847 89.676 90.289 90.691 91.011 91.274 91.431 91.474 91.381 91.129 90.794 90.216 89.671 89.262 88.934 88.624 88.323 87.87 87.179 86.731 86.291 85.758 85.325 85.003 84.542 84.296 84.327 84.533 84.856 85.279 85.793 86.321 86.801 87.174 87.426 87.629 87.86 88.081 88.202 88.016 87.539 86.468 85.281 83.622 80.939 77.474 74.486 72.964 71.785 70.867 70.65 70.617 70.667 70.967 71.054 70.852 70.759 70.904 71.035
-9999.0 -9999.0 -9999.0 -9999.0 -9999.0 -9999.0 85.753 86.127 86.861 87.722 88.477 89.125 89.649 89.959 90.093 90.127 90.062 89.955 89.854 89.547 89.236 88.912 88.577 88.214 87.792 87.367 86.699 85.97 85.366 84.835 84.417 84.174 83.94 83.716 83.514 83.43 83.562 83.864 84.284 84.774 85.303 85.789 86.132 86.37 86.614 86.842 86.998 86.899 86.627 86.001 85.214 83.897 82.136 79.316 76.203 74.359 72.835 71.632 71.113 70.908 70.843 71.016 71.04 71.053 71.032 71.092 71.188
-9999.0 -9999.0 -9999.0 -9999.0 -9999.0 83.48 83.982 84.324 84.842 85.61 86.481 87.301 87.964 88.37 88.494 88.522 88.496 88.472 88.496 88.495 88.369 87.984 87.571 87.135 86.734 86.315 85.761 85.126 84.509 84.035 83.712 83.495 83.248 82.973 82.767 82.562 82.448 82.568 82.858 83.231 83.68 84.166 84.568 84.86 85.103 85.313 85.484 85.495 85.24 84.913 84.308 83.491 82.501 80.575 77.856 75.757 74.092 72.591 71.629 71.102 70.926 71.039 71.041 71.124 71.17 71.09 70.874
-9999.0 -9999.0 -9999.0 -9999.0 -9999.0 81.479 81.995 82.458 82.964 83.675 84.613 85.591 86.289 86.655 86.765 86.781 86.776 86.83 86.942 87.035 86.994 86.754 86.384 85.916 85.416 84.946 84.488 84.113 83.721 83.373 83.136 82.963 82.805 82.56 82.178 81.874 81.59 81.502 81.596 81.819 82.157 82.55 82.92 83.218 83.445 83.647 83.822 83.892 83.689 83.454 83.265 82.433 81.568 80.703 79.015 77.234 75.602 73.85 72.471 71.595 71.061 71.044 71.048 70.915 70.954 70.71 70.12
-9999.0 -9999.0 -9999.0 -9999.0 79.16 79.558 80.032 80.581 81.072 81.731 82.734 83.879 84.863 85.269 85.479 85.507 85.496 85.545 85.596 85.634 85.709 85.485 85.072 84.666 84.159 83.756 83.486 83.436 83.266 82.94 82.655 82.43 82.212 82.017 81.73 81.313 81.018 80.842 80.678 80.683 80.885 81.155 81.438 81.686 81.869 82.03 82.196 82.316 82.359 82.22 81.893 81.486 80.976 80.198 79.456 78.304 76.87 75.134 73.54 72.429 71.546 71.14 71.022 70.813 70.676 70.293 69.848
-9999.0 -9999.0 -9999.0 77.666 77.767 77.98 78.286 78.737 79.101 79.625 80.571 81.813 82.96 83.741 84.225 84.474 84.603 84.609 84.551 84.459 84.345 84.004 83.635 83.355 83.168 83.056 82.942 82.822 82.682 82.511 82.15 81.785 81.507 81.262 81.021 80.772 80.536 80.292 80.125 80.011 80.071 80.172 80.296 80.458 80.579 80.675 80.791 80.903 80.974 80.83 80.604 80.536 80.342 80.064 79.699 78.532 77.333 76.008 74.702 73.483 72.136 71.251 70.986 70.857 70.481 70.162 69.839
-9999.0 -9999.0 -9999.0 77.789 77.331 77.14 77.134 77.281 77.41 77.74 78.415 79.466 80.627 81.615 82.413 82.998 83.387 83.471 83.39 83.206 82.872 82.561 82.408 82.294 82.249 82.224 82.164 82.082 81.966 81.797 81.456 81.094 80.749 80.528 80.349 80.199 80.019 79.864 79.748 79.634 79.572 79.539 79.49 79.504 79.528 79.577 79.634 79.675 79.706 79.657 79.608 79.539 79.397 79.284 79.032 78.118 77.326 76.526 75.508 74.121 72.546 71.414 70.989 70.856 70.536 70.264 70.092
-9999.0 -9999.0 -9999.0 79.183 78.094 77.367 76.941 76.666 76.486 76.552 76.847 77.491 78.4 79.349 80.241 80.817 81.326 81.78 81.859 81.661 81.452 81.47 81.45 81.371 81.362 81.32 81.232 81.145 81.069 80.904 80.662 80.425 80.099 80.039 79.953 79.684 79.471 79.354 79.224 79.096 78.993 78.805 78.695 78.628 78.621 78.618 78.583 78.553 78.536 78.499 78.433 78.334 78.227 78.165 77.864 77.407 76.882 76.395 75.648 74.345 72.806 71.61 71.017 70.834 70.684 70.41 70.297
-9999.0 -9999.0 83.896 81.559 79.856 78.656 77.845 77.18 76.628 76.262 76.173 76.44 76.955 77.546 78.216 78.669 79.069 79.596 79.981 80.222 80.317 80.324 80.335 80.362 80.404 80.375 80.285 80.173 80.102 79.974 79.772 79.602 79.483 79.452 79.347 79.046 78.808 78.684 78.556 78.367 78.153 77.877 77.685 77.608 77.566 77.53 77.469 77.41 77.373 77.312 77.209 77.09 76.998 76.935 76.854 76.661 76.226 75.77 75.244 74.183 72.826 71.683 71.011 70.736 70.715 70.523 70.298
-9999.0 -9999.0 88.245 84.997 82.486 80.641 79.41 78.53 77.747 77.172 76.716 76.544 76.656 76.818 77.118 77.591 77.832 77.977 78.378 78.733 78.893 78.985 79.066 79.153 79.228 79.23 79.179 79.082 79.015 78.941 78.781 78.648 78.571 78.513 78.417 78.257 78.053 77.85 77.624 77.382 77.173 76.972 76.768 76.585 76.506 76.471 76.394 76.301 76.219 76.136 76.035 75.939 75.852 75.758 75.677 75.566 75.13 74.393 74.064 73.48 72.599 71.714 71.072 70.668 70.553 70.52 70.119
-9999.0 96.138 92.987 89.316 85.872 83.096 81.185 80.102 79.278 78.692 78.238 77.887 77.756 77.657 77.598 77.857 78.044 77.605 77.582 77.706 77.681 77.67 77.704 77.84 77.931 77.917 77.916 77.859 77.756 77.682 77.548 77.396 77.298 77.268 77.236 77.171 77.146 76.928 76.681 76.518 76.433 76.34 76.226 75.982 75.829 75.653 75.495 75.331 75.156 75.044 74.988 74.931 74.833 74.691 74.594 74.512 74.234 73.716 73.419 72.992 72.263 71.557 71.083 70.716 70.369 70.546 70.134
-9999.0 99.042 96.503 93.773 89.934 85.989 83.369 81.944 81.059 80.505 80.059 79.51 79.141 78.97 79.131 79.061 78.656 78.197 78.022 77.626 77.155 76.779 76.556 76.65 76.713 76.659 76.666 76.632 76.446 76.28 76.201 76.069 75.944 75.933 75.979 76.043 76.194 76.169 76.101 76.043 75.969 75.846 75.663 75.507 75.375 74.944 74.678 74.488 74.268 74.155 74.114 74.021 73.951 73.809 73.695 73.606 73.449 73.128 73.12 72.788 72 71.362 71.04 70.747 70.327 70.22 69.969
-9999.0 101.644 99.369 96.745 93.541 89.461 86.1 84.077 83.145 82.43 81.676 80.88 80.561 80.52 80.844 80.988 80.892 80.482 79.968 79.322 78.449 77.364 76.474 75.999 75.797 75.741 75.508 75.438 75.265 75.005 74.958 74.89 74.789 74.779 74.869 75.011 75.229 75.459 75.557 75.478 75.249 75.002 74.763 74.527 74.34 74.16 73.928 73.715 73.599 73.555 73.49 73.346 73.243 73.148 73.062 72.949 72.83 72.657 72.697 72.401 71.687 71.16 70.988 70.601 70.275 70.082 69.995
-9999.0 103.918 101.777 99.343 96.386 92.554 88.791 85.563 84.475 83.997 83.386 82.768 82.624 82.918 83.576 84.445 84.699 84.112 83.19 82.148 80.958 79.442 77.898 76.805 76.196 75.747 75.193 74.854 74.635 74.338 74.237 74.164 74.088 74.029 74.034 74.124 74.228 74.324 74.334 74.229 74.031 73.815 73.572 73.343 73.185 73.098 73.035 72.935 73.012 73.105 72.992 72.987 72.999 72.865 72.713 72.593 72.501 72.282 72.091 71.877 71.413 71.175 71.1 70.774 70.443 70.258 70.324
-9999.0 106.063 104.03 101.715 98.686 95.222 91.639 88.092 85.253 84.592 85.04 85.099 85.235 85.924 87.289 88.572 88.834 88.167 87.113 85.883 84.53 82.829 80.976 79.426 78.263 77.215 76.345 75.758 75.38 74.767 74.406 74.142 73.916 73.955 73.984 73.582 73.302 73.185 73.038 72.896 72.774 72.635 72.432 72.257 72.139 72.086 72.086 72.07 72.313 72.531 72.518 72.902 73.203 72.892 72.553 72.468 72.347 72.114 71.935 71.655 71.34 71.541 71.68 71.143 70.688 70.561 70.884
-9999.0 108.532 106.217 103.876 100.87 97.484 93.906 90.406 87.076 86.371 87.146 87.575 88.351 89.519 90.879 91.822 92.03 91.519 90.848 89.992 88.69 86.995 85.127 83.345 81.716 80.093 78.619 77.451 76.554 75.879 75.415 74.937 74.294 74.485 74.692 73.478 72.686 72.386 72.048 71.803 71.665 71.523 71.41 71.291 71.18 71.091 71.055 71.224 71.822 72.237 72.317 72.523 72.735 72.488 72.249 72.193 72.213 72.205 71.908 71.553 71.482 71.814 72.005 71.374 71.023 71.082 71.523
115.263 111.271 108.067 105.451 102.626 99.527 96.306 92.612 89.204 88.629 89.581 90.567 91.802 93.088 94.166 94.893 95.115 94.774 94.22 93.779 92.679 91.165 89.476 87.697 85.883 83.963 82.054 80.454 78.902 77.633 76.815 76.199 75.545 74.887 74.295 73.724 73.074 72.366 71.708 71.177 70.867 70.725 70.603 70.479 70.529 70.381 70.27 70.715 71.373 71.8 72.087 72.284 72.381 72.202 71.85 71.722 71.837 71.992 71.762 71.518 71.571 71.765 71.887 71.671 71.483 71.794 72.306
