ERC/Finished/Automatic_landslide_length/workspace/dem_miletin_srtm.asc
ncols         440
nrows         465
xllcorner     648850.063
yllcorner     655917.469
cellsize      30
nodata_value  -9999.0
[rows 240 to 269 of 465, columns 0 to 66 of 440]
139.204 142.209 145.33 148.269 150.895 153.268 155.406 157.36 159.293 161.336 163.401 165.167 166.467 167.53 168.413 169.162 169.806 170.118 170.245 170.284 170.264 170.08 169.69 169.332 168.673 167.17 165.305 163.03 160.273 157.501 154.369 150.96 147.518 144.717 143.153 142.824 143.497 144.921 145.946 147.386 149.579 152.564 155.832 158.629 160.756 162.315 163.706 165.147 166.809 167.873 168.768 169.806 170.727 171.483 172.026 172.365 172.542 172.268 170.51 168.148 165.316 162.398 160.101 158.212 156.375 155.03 154.074
136.493 139.558 142.747 145.903 148.694 151.157 153.495 155.637 157.53 159.386 161.415 163.42 165.031 166.302 167.372 168.195 168.792 169.292 169.527 169.645 169.745 169.659 169.266 169.046 168.41 167.177 165.599 163.772 161.51 159.035 156.63 153.403 149.306 145.584 143.151 142.262 142.395 143.349 144.274 145.662 148.207 151.506 154.731 157.47 159.619 160.734 161.807 163.296 164.513 165.534 166.408 167.424 168.648 169.627 170.459 171.192 171.75 172.107 171.831 170.295 167.637 165.29 163.025 160.81 159.16 158.281 157.857
133.566 136.466 139.774 143.212 146.25 148.865 151.347 153.746 155.864 157.702 159.534 161.431 163.197 164.64 165.898 166.888 167.658 168.305 168.836 169.18 169.312 169.129 168.662 168.521 168.183 167.219 165.633 164.128 162.537 160.395 158.152 155.615 151.869 147.51 143.915 141.84 141.466 142.154 142.807 144.089 146.524 149.882 153.408 156.274 158.166 159.103 160.064 161.068 161.804 162.556 163.403 164.371 165.252 166.162 167.311 168.469 169.507 170.494 171.339 171.111 169.451 168.128 166.154 163.05 160.586 159.647 160.005
130.745 133.426 136.498 139.995 143.413 146.392 149.037 151.581 153.998 156.082 157.873 159.536 161.17 162.624 164.06 165.308 166.278 167.177 167.956 168.49 168.753 168.53 168.064 167.716 167.569 166.966 165.722 164.112 162.958 161.577 159.454 156.911 153.566 149.165 144.768 141.53 140.55 141.088 141.47 142.687 145.081 148.298 151.917 154.903 156.574 157.507 158.283 159.131 159.674 160.039 160.193 160.487 161.024 161.853 163.139 164.382 165.683 167.372 169.091 170.256 170.012 169.455 168.211 164.427 160.639 159.723 159.74
128.073 130.579 133.357 136.598 140.106 143.508 146.535 149.229 151.798 154.174 156.191 157.858 159.318 160.649 162.137 163.575 164.777 165.882 166.836 167.46 167.86 167.927 167.59 167.099 166.68 166.466 165.444 163.989 163.051 162.212 160.737 158.315 155.005 150.71 145.965 141.951 139.764 139.733 140.194 141.45 143.815 146.834 150.353 153.463 155.963 156.307 156.307 156.843 157.023 156.933 156.89 156.732 156.919 157.525 158.551 159.806 161.211 162.918 165.189 167.731 169.488 169.578 168.527 165.445 161.635 159.085 157.185
125.206 127.732 130.375 133.292 136.579 140.114 143.596 146.664 149.363 151.87 154.178 156.147 157.688 158.951 160.322 161.784 163.161 164.356 165.323 165.977 166.449 166.872 167.05 166.875 165.861 165.447 164.782 163.897 163.227 162.558 161.404 159.393 156.53 152.288 147.212 142.77 139.764 138.4 138.918 140.384 142.546 145.362 148.659 151.807 154.413 154.437 153.949 154.346 154.369 153.771 153.173 152.899 153.004 153.436 154.185 155.462 157.04 158.639 160.628 164.165 168.019 169.847 169.133 166.41 163.092 159.886 157.612
122.519 124.835 127.324 130.063 133.091 136.458 140.124 143.67 146.717 149.339 151.809 154.115 155.966 157.352 158.618 160.016 161.38 162.608 163.63 164.354 164.84 165.351 165.808 165.946 165.21 164.323 164.053 163.772 163.266 162.662 161.645 159.918 157.434 153.705 148.774 143.954 140.356 138.341 137.972 139.254 141.253 143.767 146.769 149.807 152.287 152.102 151.577 151.711 151.416 150.589 149.614 149.199 149.252 149.592 150.297 151.739 153.411 154.693 156.758 160.81 165.751 168.987 169.48 167.487 163.827 159.982 157.281
120.199 122.309 124.521 126.938 129.699 132.823 136.365 140.14 143.642 146.596 149.213 151.688 153.854 155.509 156.872 158.298 159.66 160.876 161.907 162.635 163.268 163.887 164.448 164.778 164.73 164.37 163.906 163.568 163.139 162.531 161.632 160.145 157.971 154.919 150.729 145.579 141.288 138.557 137.124 137.971 139.79 142.018 144.694 147.681 149.658 149.888 149.331 149.22 148.857 147.5 146.32 145.894 145.813 146.115 146.899 148.7 150.219 151.297 153.578 158.139 163.38 167.318 169.35 167.99 164.125 159.891 156.547
118.159 120.183 122.153 124.151 126.518 129.352 132.662 136.35 140.087 143.483 146.409 149.008 151.373 153.305 154.927 156.425 157.803 159.061 160.173 161.015 161.721 162.494 163.171 163.602 163.843 163.791 163.542 163.249 162.856 162.305 161.505 160.313 158.484 155.934 152.49 147.541 142.711 139.034 136.815 136.644 137.893 139.828 142.265 145.457 148.412 149.177 147.699 146.4 145.626 144.465 143.491 142.964 142.836 143.209 144.259 146.326 148.076 149.13 151.7 156.058 160.961 165.342 168.351 168.067 164.697 160.095 156.569
116.071 117.931 119.91 121.837 123.848 126.264 129.256 132.723 136.417 140.069 143.374 146.222 148.766 150.978 152.84 154.344 155.721 157.057 158.307 159.384 160.291 161.187 161.972 162.499 162.874 163.072 162.894 162.679 162.502 162.064 161.265 160.266 158.855 156.912 154.086 149.781 144.748 140.345 137.243 135.781 136.152 137.628 139.632 142.388 145.921 147.363 145.535 143.447 142.483 141.855 141.151 140.51 140.458 140.977 142.421 144.655 146.559 147.966 150.52 154.168 158.566 163.251 166.951 168.282 165.926 161.085 157.138
113.898 115.576 117.609 119.742 121.746 123.814 126.322 129.431 132.948 136.631 140.192 143.361 146.164 148.717 150.765 152.303 153.646 154.997 156.347 157.673 158.858 159.958 160.824 161.434 161.903 162.136 162.101 162.111 162.133 161.719 160.953 159.969 158.866 157.337 155.344 152.051 147.131 142.287 138.425 135.947 135.367 136.158 137.477 139.288 142.236 143.675 142.126 140.366 139.637 139.233 138.733 138.3 138.482 139.395 140.792 142.586 144.42 146.377 148.955 152.247 156.437 161.232 165.376 167.849 167.058 162.772 158.37
111.953 113.428 115.304 117.525 119.799 121.863 123.986 126.568 129.734 133.304 136.956 140.374 143.472 146.303 148.637 150.454 151.842 153.18 154.567 155.958 157.246 158.506 159.627 160.374 160.892 161.218 161.31 161.34 161.421 161.105 160.252 159.563 158.682 157.574 156.262 153.907 149.81 144.907 140.329 136.937 134.959 134.889 135.747 136.64 138.376 139.38 138.551 137.478 136.972 136.78 136.483 136.595 137.269 138.427 139.514 140.743 142.126 144.138 146.913 150.322 154.455 159.031 163.291 166.449 167.625 165.283 160.873
110.533 111.738 113.264 115.243 117.612 119.858 122.063 124.299 126.932 130.15 133.692 137.222 140.585 143.723 146.445 148.494 150.192 151.723 153.137 154.446 155.697 157.063 158.276 159.228 159.917 160.348 160.606 160.7 160.59 160.232 159.553 159.015 158.4 157.613 156.606 154.9 151.853 147.593 142.729 138.571 135.625 134.086 134.008 134.561 135.498 135.936 135.529 134.88 134.592 134.583 134.758 135.743 136.907 137.721 138.417 139.324 140.497 142.374 145.09 148.491 152.438 156.643 160.805 164.098 166.323 166.452 163.555
109.639 110.506 111.708 113.286 115.331 117.711 120.105 122.397 124.73 127.394 130.548 134.008 137.562 141.001 144.022 146.462 148.445 150.065 151.556 152.885 154.12 155.491 156.921 157.998 158.805 159.392 159.798 160.041 160.048 159.776 159.221 158.649 157.973 157.312 156.479 155.304 153.148 149.732 145.284 140.784 137.032 134.848 133.426 133.263 133.562 133.583 133.264 132.914 132.739 133.028 133.934 134.967 136.055 136.789 137.39 138.26 139.309 140.989 143.548 146.873 150.621 154.362 157.934 161.2 163.934 165.124 164.655
109.114 109.629 110.58 111.845 113.407 115.416 117.864 120.453 122.845 125.133 127.792 130.985 134.577 138.242 141.555 144.312 146.573 148.387 149.899 151.246 152.567 153.985 155.439 156.751 157.646 158.294 158.845 159.209 159.313 159.161 158.817 158.122 157.339 156.66 156.08 155.3 153.866 151.39 147.796 143.457 139.201 135.643 133.083 132.095 131.63 131.532 131.53 131.572 131.987 132.563 133.404 134.386 135.371 135.868 136.48 137.369 138.451 140.006 142.32 145.4 148.876 152.106 154.893 157.868 161.064 163.262 164.351
109.007 109.183 109.713 110.682 111.968 113.557 115.652 118.202 120.772 123.071 125.482 128.348 131.762 135.448 138.972 142.123 144.785 146.744 148.242 149.604 151.001 152.474 153.944 155.338 156.398 157.159 157.781 158.174 158.309 158.263 157.922 157.435 156.843 156.196 155.54 154.839 154.007 152.538 149.918 146.121 141.794 137.771 134.37 131.69 130.268 130.131 130.345 130.527 131.972 132.767 132.98 133.609 133.951 134.692 135.798 136.779 137.892 139.315 141.354 144.076 147.121 149.467 151.798 154.828 158.139 160.642 162.223
109.004 109.024 109.165 109.713 110.817 112.235 113.945 116.073 118.499 120.973 123.427 126.037 129.092 132.582 136.197 139.612 142.6 145.026 146.719 148.096 149.492 150.918 152.368 153.843 155.11 155.993 156.618 156.994 157.168 157.18 156.878 156.291 155.769 155.42 155.079 154.482 153.738 152.872 151.248 148.292 144.29 140.132 136.243 132.655 130.336 129.189 129.142 129.87 130.837 131.691 132.114 132.416 132.824 134.088 135.501 136.386 137.385 138.669 140.437 142.818 145.427 146.984 149.058 152.057 155.266 157.964 159.703
109.028 109.028 109.052 109.252 109.954 111.126 112.554 114.287 116.45 118.892 121.405 123.95 126.759 129.965 133.472 137.003 140.26 143.059 145.127 146.72 148.108 149.389 150.725 152.23 153.681 154.752 155.396 155.723 155.924 155.902 155.722 155.318 155.063 154.733 154.284 153.916 153.409 152.601 151.588 149.664 146.39 142.425 138.412 134.382 131.162 128.638 127.43 127.948 128.958 130.035 130.831 131.307 131.999 133.247 134.409 135.482 136.708 137.87 139.38 141.492 143.784 145.086 146.877 149.625 152.647 155.424 157.582
109.214 109.107 109.072 109.156 109.549 110.422 111.684 113.127 114.824 116.856 119.261 121.824 124.535 127.517 130.824 134.318 137.739 140.878 143.394 145.27 146.741 147.964 149.154 150.559 152.047 153.355 154.162 154.526 154.62 154.546 154.491 154.411 154.179 153.832 153.409 153.293 153.006 152.169 151.349 150.289 147.97 144.544 140.741 136.767 132.712 129.037 126.539 126.284 126.919 127.936 129.01 129.88 130.96 132.239 133.05 134.147 135.438 136.632 138.083 139.95 141.982 143.361 145.077 147.548 150.345 153.127 155.52
109.898 109.518 109.264 109.267 109.574 110.208 111.194 112.411 113.638 115.143 117.19 119.641 122.297 125.131 128.244 131.602 135.043 138.389 141.371 143.549 145.206 146.595 147.757 148.955 150.304 151.685 152.725 153.467 153.52 153.411 153.48 153.463 153.299 153.064 152.822 152.603 152.192 151.805 151.447 150.64 149.001 146.38 143.054 139.478 135.573 131.155 127.529 125.303 125.115 125.808 126.675 127.895 129.278 130.796 131.828 132.817 133.757 134.995 136.495 138.134 139.906 141.671 143.512 145.742 148.169 150.422 153.25
111.268 110.602 110.049 109.781 109.922 110.271 110.914 111.95 112.881 113.906 115.474 117.581 120.063 122.814 125.83 129.061 132.415 135.791 138.912 141.404 143.426 145.102 146.387 147.517 148.69 149.94 151.092 152.099 152.62 152.591 152.64 152.729 152.666 152.523 152.365 152.13 151.694 151.441 151.252 150.527 149.401 147.684 145.053 141.997 138.529 133.768 129.301 126.113 124.355 123.78 124.207 125.381 126.981 128.915 130.362 131.358 132.134 133.265 134.633 136.224 138.018 140.202 142.112 144.14 146.007 147.856 150.948
113.428 112.323 111.465 110.89 110.64 110.435 110.734 111.563 112.47 113.127 114.161 115.822 117.968 120.579 123.552 126.727 129.997 133.316 136.341 139.057 141.457 143.329 144.793 146.051 147.209 148.329 149.456 150.559 151.521 151.954 152.138 152.213 152.209 152.108 151.894 151.632 151.235 150.984 150.814 150.383 149.455 148.255 146.45 143.868 141.092 137.213 132.654 128.674 125.417 123.134 122.403 122.788 124.147 126.188 128.134 129.547 130.546 131.508 132.667 134.304 136.279 138.375 140.481 142.561 144.01 146.019 149.11
116.673 114.961 113.52 112.478 111.779 111.179 111.015 111.603 112.445 112.685 113.211 114.459 116.218 118.522 121.319 124.397 127.604 130.872 133.944 136.776 139.352 141.372 142.959 144.384 145.692 146.837 147.879 148.98 149.968 150.714 151.171 151.423 151.543 151.556 151.358 151.096 150.746 150.497 150.388 150.101 149.447 148.402 147.071 145.241 143.042 140.345 136.899 132.691 128.208 124.241 121.55 120.601 121.279 122.964 124.843 126.66 128.148 129.358 130.722 132.492 134.532 136.46 138.593 140.608 141.707 143.833 147.091
120.755 118.672 116.589 114.802 113.439 112.441 112.252 112.293 112.671 112.637 112.671 113.447 114.808 116.695 119.126 121.992 125.115 128.311 131.437 134.433 137.144 139.423 141.13 142.617 144.056 145.299 146.35 147.389 148.353 149.123 149.756 150.264 150.493 150.587 150.526 150.559 150.495 150.215 149.874 149.664 149.123 148.304 147.152 145.878 144.09 141.978 139.725 136.556 132.186 127.469 123.342 120.726 119.797 120.317 121.682 123.42 125.252 127.019 128.79 130.683 132.724 134.644 136.895 138.809 139.932 141.864 145.326
124.823 122.681 120.381 118.012 115.871 114 112.884 112.316 112.302 112.501 112.542 112.815 113.714 115.141 117.08 119.603 122.575 125.654 128.765 131.933 134.827 137.248 139.254 140.875 142.346 143.655 144.717 145.729 146.705 147.526 148.212 148.77 149.1 149.285 149.454 149.59 149.608 149.495 149.255 149.056 148.661 147.975 147.057 146.066 144.739 142.984 141.222 138.98 135.651 131.477 126.973 123.294 120.365 119.029 119.22 120.332 122.189 124.604 127.074 128.8 130.557 132.587 135.156 137.359 138.855 140.778 144.013
128.001 125.937 123.803 121.342 118.907 116.698 114.785 113.354 112.385 112.041 112.235 112.448 112.918 113.867 115.325 117.415 120.081 122.952 126.009 129.247 132.32 134.992 137.231 139.048 140.611 141.943 143.003 143.985 144.951 145.853 146.627 147.208 147.576 147.803 148.055 148.294 148.474 148.582 148.447 148.183 147.886 147.547 146.816 145.759 144.77 143.396 141.758 140.149 137.884 134.874 131.317 127.136 122.701 119.208 117.752 118.124 119.618 122.106 124.995 126.848 128.211 130.004 132.719 135.336 137.624 139.795 142.8
130.126 128.175 126.322 124.411 122.322 120.056 117.756 115.694 113.961 112.738 112.21 112.194 112.4 112.901 113.893 115.522 117.746 120.4 123.383 126.529 129.641 132.573 135.13 137.202 138.851 140.198 141.299 142.294 143.237 144.148 145.008 145.64 146.035 146.322 146.699 147.045 147.258 147.449 147.579 147.429 147.217 146.923 146.429 145.412 144.37 143.465 142.183 140.576 138.857 136.515 133.799 130.173 125.303 120.431 117.391 116.849 117.811 119.903 122.413 124.834 126.702 128.259 131.1 134.483 137.053 139.01 141.66
132.615 130.546 128.712 126.995 125.171 123.141 120.826 118.498 116.285 114.351 112.996 112.28 112.213 112.348 112.786 113.9 115.646 117.953 120.797 123.882 126.944 129.961 132.79 135.159 136.98 138.419 139.624 140.73 141.722 142.614 143.428 144.067 144.536 144.931 145.326 145.736 146.082 146.36 146.565 146.562 146.462 146.223 145.806 145.019 144.116 143.224 142.226 140.881 139.453 137.514 135.146 132.336 128.217 122.837 118.153 115.947 116.184 118.074 120.24 122.696 125.106 127.484 130.941 134.307 136.694 138.425 140.698
135.164 133.035 131.049 129.248 127.423 125.58 123.557 121.232 118.874 116.561 114.566 113.132 112.282 112.062 112.108 112.685 113.957 115.795 118.25 121.171 124.222 127.226 130.139 132.807 134.95 136.552 137.892 139.165 140.271 141.209 141.98 142.633 143.103 143.52 143.969 144.475 144.972 145.339 145.613 145.732 145.632 145.423 145.073 144.519 143.936 143.088 141.949 140.548 139.375 137.89 135.865 133.468 130.131 125.269 119.975 116.141 115.087 116.421 118.778 121.218 123.693 126.923 130.715 134.031 136.335 137.868 139.84
137.417 135.53 133.54 131.641 129.737 127.825 125.862 123.717 121.418 119.027 116.737 114.7 113.247 112.343 111.915 112.003 112.714 114.044 115.948 118.443 121.371 124.369 127.245 130.047 132.582 134.483 136.014 137.397 138.605 139.652 140.598 141.411 141.893 142.386 142.893 143.397 143.87 144.247 144.581 144.863 144.827 144.6 144.268 143.815 143.379 142.662 141.511 140.194 139.11 137.983 136.248 133.775 130.778 126.813 121.486 116.748 114.656 115.228 117.429 120.128 122.923 126.447 130.479 133.737 135.714 137.139 139.011
