ERC/Finished/Automatic_landslide_length/workspace/dem_miletin_srtm.asc
ncols         440
nrows         465
xllcorner     648850.063
yllcorner     655917.469
cellsize      30
nodata_value  -9999.0
[rows 180 to 209 of 465, columns 268 to 334 of 440]
101.592 100.497 99.717 99.25 99.619 99.378 100.346 103.181 106.29 110.053 114.465 118.909 122.893 126.139 128.079 129.785 132.365 135.655 139.037 141.99 144.774 147.768 150.592 152.765 154.273 155.367 156.204 156.254 155.976 155.535 154.691 153.505 152.299 151.276 150.278 149.056 147.592 145.936 144.219 142.679 141.328 139.736 137.713 135.726 133.771 131.815 129.552 127.023 125.453 125.48 125.816 126.533 127.417 127.803 127.529 126.632 125.292 124.193 122.865 120.759 118.032 114.963 111.6 107.993 104.503 101.553 99.405
105.737 104.71 103.595 102.633 102.386 101.915 101.605 103.527 106.088 109.139 113.183 117.613 121.843 125.505 128.136 130.565 133.1 136.03 139.286 142.5 145.042 147.717 150.447 152.643 154.316 155.565 156.514 156.707 156.503 156.24 155.764 154.865 153.694 152.509 151.377 150.104 148.668 147.024 145.274 143.602 142.17 140.703 138.781 136.49 134.222 132.23 130.002 127.048 124.091 123.195 123.868 124.425 125.185 125.822 125.804 124.939 123.554 122.558 121.088 118.892 116.184 113.086 109.592 105.926 102.652 100.077 98.344
109.721 108.746 107.302 106.029 105.044 104.429 104.168 104.938 106.65 108.727 112.133 116.443 120.695 124.505 127.898 130.78 133.8 136.574 139.509 142.569 145.103 147.718 150.349 152.566 154.403 155.724 156.82 157.376 157.008 156.781 156.648 156.068 155.085 153.896 152.596 151.197 149.765 148.146 146.407 144.695 143.13 141.658 139.91 137.673 135.23 132.934 130.728 127.945 124.691 121.92 121.866 122.15 122.429 123.236 123.546 123.01 121.957 120.892 119.183 116.9 114.226 111.1 107.554 104.01 101.043 98.846 97.458
112.967 112.158 110.869 109.298 107.685 106.416 106.372 106.999 107.452 108.664 111.547 115.544 119.643 123.373 126.815 130.372 134.083 137.15 139.91 142.571 145.084 147.677 150.227 152.492 154.471 156.037 157.113 157.694 157.316 157.217 157.245 156.925 156.19 155.128 153.799 152.284 150.82 149.271 147.629 145.913 144.201 142.642 140.992 138.88 136.399 133.959 131.604 128.92 125.608 122.319 120.329 119.949 119.852 120.355 120.837 120.829 120.197 118.902 116.9 114.681 112.12 108.998 105.498 102.203 99.633 97.901 96.964
115.472 115.132 114.159 112.559 110.722 109.096 108.007 108.279 108.345 109.243 111.358 114.733 118.603 122.185 125.588 129.247 133.261 137.068 140.114 142.701 145.117 147.582 150.09 152.433 154.534 156.282 157.357 157.821 157.578 157.765 157.861 157.555 156.975 156.074 154.856 153.393 151.893 150.431 148.924 147.203 145.385 143.688 141.973 139.95 137.548 135.057 132.633 129.993 126.692 123.062 119.823 117.642 117.229 117.563 117.818 117.718 117.388 116.448 114.179 112.084 109.868 106.894 103.589 100.627 98.454 97.205 96.665
117.253 117.33 116.775 115.368 113.55 111.733 110.343 109.9 109.431 109.778 111.35 114.126 117.582 120.989 124.33 127.978 132.119 136.286 139.906 142.742 145.171 147.523 149.978 152.391 154.569 156.35 157.468 158.083 158.109 158.328 158.565 158.284 157.716 156.931 155.838 154.446 152.975 151.64 150.168 148.438 146.56 144.692 142.855 140.857 138.567 136.13 133.734 131.184 128.016 124.275 120.605 116.786 114.508 114.231 114.568 114.667 114.153 113.528 111.629 109.547 107.613 104.944 101.975 99.421 97.662 96.948 96.637
118.686 118.941 118.852 117.675 115.927 114.148 112.705 111.697 110.985 110.614 111.817 114.117 116.84 119.887 123.135 126.739 130.872 135.208 139.176 142.49 145.192 147.458 149.797 152.23 154.459 156.254 157.542 158.447 158.884 159.075 159.262 159.071 158.487 157.784 156.803 155.467 154.04 152.709 151.266 149.591 147.776 145.851 143.925 141.887 139.599 137.184 134.862 132.478 129.601 125.984 122.063 118.211 114.183 111.599 111.54 112.025 111.683 111.019 109.808 107.975 105.834 103.286 100.75 98.697 97.414 97.027 96.837
120.644 120.385 120.577 120.011 118.401 116.542 115.001 113.873 113.085 111.985 112.64 114.697 116.715 119.04 122.004 125.549 129.615 133.96 138.126 141.725 144.648 147.138 149.496 151.904 154.168 156.037 157.42 158.51 159.415 159.727 159.831 159.772 159.337 158.537 157.686 156.481 155.101 153.743 152.293 150.682 149.056 147.171 145.184 143.107 140.792 138.342 136.016 133.772 131.23 128.059 124.185 119.706 115.466 112.179 110.383 109.904 109.593 108.509 108.448 107.033 104.491 102.038 99.947 98.433 97.458 97.022 96.946
122.496 122.105 122.335 122.245 121.107 119.115 117.212 115.93 114.988 114.279 114.612 115.755 117.172 118.557 120.929 124.345 128.317 132.575 136.799 140.613 143.776 146.488 149.062 151.539 153.806 155.802 157.355 158.553 159.65 160.214 160.294 160.406 160.211 159.501 158.691 157.538 156.164 154.74 153.248 151.667 150.15 148.363 146.382 144.373 142.134 139.659 137.256 135.053 132.782 130.029 126.586 122.053 117.308 113.726 111.285 109.199 107.597 106.362 106.632 106.092 103.802 101.328 99.491 98.301 97.506 97.004 97.132
123.399 123.37 123.73 124.219 123.976 122.249 119.898 117.98 116.717 115.851 115.786 116.931 117.602 118.099 120.013 123.139 126.915 131.058 135.301 139.272 142.68 145.675 148.491 151.111 153.459 155.511 157.272 158.569 159.741 160.795 161.041 161.006 160.967 160.467 159.689 158.575 157.231 155.744 154.187 152.609 151.18 149.536 147.551 145.612 143.484 141.032 138.553 136.322 134.219 131.834 128.875 124.772 119.978 115.79 112.454 110.036 107.276 105.283 104.2 104.387 103.422 101.19 99.33 98.174 97.389 96.897 97.226
125.244 125.136 125.353 126.066 126.472 125.61 123.334 120.714 118.644 117.347 116.857 116.894 117.566 118.006 119.394 122.08 125.545 129.556 133.81 137.865 141.417 144.629 147.663 150.443 152.899 154.968 156.728 158.326 159.684 160.874 161.736 161.824 161.836 161.474 160.647 159.57 158.276 156.75 155.144 153.569 152.174 150.68 148.851 146.92 144.842 142.472 139.979 137.655 135.529 133.423 130.909 127.67 123.495 119.002 114.802 111.216 108.482 105.921 104.276 103.196 102.739 101.301 99.555 98.28 97.372 96.817 96.965
127.295 127.457 127.502 128.477 129.324 128.779 126.913 124.213 121.486 119.354 117.983 117.323 117.838 118.161 119.076 121.233 124.359 128.219 132.433 136.506 140.066 143.394 146.585 149.482 152.037 154.159 155.976 157.708 159.404 160.839 161.961 162.689 162.733 162.369 161.555 160.565 159.335 157.825 156.2 154.601 153.131 151.702 150.073 148.222 146.222 143.971 141.593 139.193 136.853 134.745 132.583 129.881 126.462 122.476 118.093 113.859 110.432 107.666 105.437 103.464 102.862 101.749 99.946 98.435 97.32 96.691 96.665
129.341 129.789 129.847 130.326 131.192 131.01 129.937 127.872 125.048 122.351 120.194 118.929 118.493 118.585 119.166 120.72 123.445 127.071 131.156 135.19 138.651 141.952 145.223 148.243 150.906 153.199 155.149 156.986 158.929 160.596 161.871 162.82 162.89 162.909 162.51 161.603 160.425 158.984 157.337 155.631 154.057 152.626 151.203 149.641 147.682 145.451 143.288 140.943 138.433 136.13 134.072 131.824 128.989 125.587 121.486 117.174 113.221 109.794 106.836 104.569 103.157 102.029 100.436 98.632 97.151 96.519 96.417
130.873 131.655 131.98 132 132.567 132.667 132.271 131.048 128.682 125.906 123.31 121.339 120.149 119.786 119.697 120.65 122.906 126.113 129.928 133.865 137.278 140.493 143.735 146.867 149.711 152.169 154.256 156.126 158.128 160.198 161.699 162.824 163.199 163.348 163.222 162.532 161.46 160.138 158.546 156.772 155.053 153.515 152.221 150.798 148.944 146.775 144.647 142.513 140.167 137.76 135.571 133.515 131.169 128.327 124.762 120.671 116.639 112.926 109.533 106.371 103.85 102.195 100.736 99.116 97.51 96.52 96.032
132.526 133.179 133.556 133.518 133.479 133.594 133.912 133.636 132.143 129.497 126.81 124.332 122.504 121.457 120.848 121.279 122.802 125.382 128.788 132.504 135.877 139.032 142.189 145.35 148.346 151.007 153.317 155.309 157.299 159.513 161.375 162.763 163.56 163.853 163.792 163.333 162.447 161.258 159.772 158.011 156.167 154.486 153.063 151.685 150.03 147.989 145.79 143.86 141.846 139.547 137.2 135.067 133.013 130.623 127.611 123.911 119.969 116.078 112.411 108.954 105.772 103.059 101.254 99.717 98.067 96.568 95.698
134.542 134.595 134.921 135.021 135.148 135.395 135.748 135.82 135.029 132.932 130.279 127.664 125.466 123.801 123.178 123.095 123.552 125.034 127.784 131.213 134.502 137.669 140.767 143.858 146.914 149.782 152.364 154.561 156.546 158.696 160.869 162.54 163.626 164.519 164.489 164.015 163.286 162.246 160.926 159.294 157.421 155.643 153.982 152.509 151.026 149.149 146.986 145.051 143.275 141.292 139.005 136.705 134.639 132.575 130.041 126.75 122.86 118.843 115.018 111.478 108.074 104.885 102.453 100.344 98.519 96.824 95.578
136.42 136.218 136.489 136.622 137.182 138.167 137.633 137.388 137.222 135.741 133.323 130.738 128.405 126.458 125.004 124.702 125.21 125.613 127.204 130.181 133.383 136.506 139.545 142.532 145.551 148.547 151.363 153.816 155.851 157.828 159.964 161.977 163.563 164.457 164.912 164.676 163.908 162.962 161.868 160.465 158.704 156.877 155.034 153.405 151.953 150.231 148.147 146.073 144.426 142.792 140.767 138.419 136.163 134.136 131.918 129.057 125.459 121.489 117.499 113.765 110.329 107.032 104.115 101.45 99.059 97.132 95.653
138.392 137.866 137.979 138.233 138.285 138.949 138.96 139.085 138.98 137.938 136.014 133.617 131.172 129.052 127.257 126.124 126.468 126.695 127.149 129.391 132.563 135.572 138.482 141.38 144.28 147.241 150.178 152.817 155.032 157.045 159.145 161.306 163.151 164.376 165.287 165.287 164.471 163.466 162.533 161.407 159.892 158.142 156.209 154.38 152.802 151.182 149.278 147.309 145.644 144.077 142.289 140.084 137.688 135.482 133.401 130.97 127.754 123.972 119.998 116.064 112.428 109.094 105.998 102.99 100.127 97.76 95.973
140.358 139.585 139.481 139.721 139.939 140.087 140.351 140.581 140.545 139.864 138.345 136.244 133.856 131.415 129.326 128.006 127.847 127.652 127.455 128.917 131.758 134.786 137.633 140.446 143.235 146.027 148.856 151.503 154.027 156.259 158.347 160.571 162.643 164.238 165.329 165.641 165.053 164.021 163.039 162.121 160.947 159.351 157.417 155.415 153.616 151.98 150.293 148.542 146.914 145.332 143.668 141.701 139.353 136.919 134.778 132.524 129.716 126.305 122.421 118.334 114.397 110.938 107.896 104.858 101.668 98.696 96.46
142.464 141.364 140.829 140.874 141.301 141.666 141.757 141.87 142.074 141.756 140.541 138.551 136.163 133.683 131.575 129.715 128.81 128.904 128.303 128.706 131.049 134.045 136.97 139.786 142.556 145.181 147.682 150.344 153.104 155.53 157.653 159.865 162.079 163.891 165.23 165.957 165.653 164.62 163.564 162.73 161.785 160.416 158.602 156.54 154.527 152.717 151.111 149.589 148.113 146.565 144.949 143.204 141.11 138.635 136.254 133.94 131.388 128.3 124.533 120.354 116.305 112.67 109.516 106.575 103.367 100.056 97.201
144.799 143.596 142.7 142.214 142.485 143.04 143.225 143.047 143.187 143.229 142.604 140.9 138.604 136.215 133.796 131.509 129.968 129.148 127.933 128.226 130.366 133.271 136.266 139.209 142.053 144.626 146.931 149.481 152.322 154.912 157.085 159.216 161.464 163.477 165.07 166.126 166.196 165.305 164.164 163.287 162.469 161.299 159.659 157.683 155.573 153.544 151.842 150.44 149.13 147.634 146.015 144.4 142.626 140.401 137.918 135.44 132.943 130.077 126.43 122.213 118.121 114.278 110.836 107.984 104.975 101.58 98.306
147.203 145.994 144.931 144.195 144.095 144.464 144.626 144.392 144.163 144.231 144.324 143.153 140.977 138.569 136.106 133.664 131.502 129.902 128.487 128.342 129.942 132.549 135.426 138.568 141.759 144.533 146.674 148.928 151.682 154.401 156.663 158.702 160.893 163.037 164.837 166.066 166.546 165.969 164.864 163.877 163.045 162.008 160.531 158.691 156.643 154.548 152.702 151.254 149.988 148.497 146.835 145.254 143.69 141.8 139.486 136.945 134.371 131.6 128.134 124.034 119.781 115.764 112.187 109.262 106.361 103.069 99.617
149.45 148.276 147.195 146.394 145.882 145.853 145.895 145.8 145.511 145.413 145.759 145.098 143.25 140.824 138.234 135.739 133.5 131.43 129.788 128.941 129.966 132.048 134.799 138.15 141.507 144.305 146.498 148.495 151.063 153.891 156.28 158.286 160.393 162.582 164.505 165.733 166.631 166.469 165.574 164.532 163.605 162.643 161.287 159.536 157.62 155.65 153.756 152.157 150.787 149.309 147.631 146.028 144.549 142.875 140.799 138.362 135.749 132.989 129.714 125.88 121.583 117.207 113.413 110.397 107.546 104.469 101.063
151.589 150.378 149.249 148.338 147.837 147.598 147.427 147.292 147.048 146.619 147.018 146.638 145.217 143.054 140.391 137.794 135.497 133.284 131.283 129.741 130.094 131.896 134.529 137.87 141.27 144.023 146.079 148.016 150.533 153.358 155.816 157.837 159.864 162.021 164.038 165.512 166.707 166.883 166.198 165.23 164.211 163.258 162 160.289 158.439 156.634 154.84 153.138 151.606 150.118 148.483 146.868 145.321 143.691 141.815 139.616 137.119 134.363 131.203 127.497 123.186 118.639 114.783 111.576 108.684 105.792 102.5
153.777 152.51 151.276 150.293 149.677 149.17 148.8 148.568 148.373 147.945 147.963 147.549 146.681 145.065 142.597 139.908 137.442 135.158 133.024 131.113 130.436 131.92 134.528 137.728 141.006 143.667 145.664 147.638 150.074 152.776 155.248 157.309 159.297 161.425 163.518 165.169 166.564 167.203 166.751 165.922 164.842 163.844 162.671 161.024 159.162 157.414 155.788 154.127 152.452 150.875 149.358 147.803 146.079 144.323 142.529 140.577 138.37 135.757 132.667 129.027 124.783 120.262 116.179 112.832 109.99 107.17 103.921
156.052 154.761 153.474 152.354 151.529 150.871 150.299 149.832 149.55 149.115 148.464 148.018 147.718 146.716 144.705 142.105 139.414 137.021 134.936 133.034 131.58 132.338 134.618 137.61 140.651 143.223 145.299 147.276 149.563 152.171 154.682 156.815 158.811 160.938 163.07 164.861 166.269 167.285 167.313 166.602 165.55 164.486 163.329 161.791 159.912 158.077 156.509 154.974 153.288 151.588 150.227 148.636 146.722 144.811 142.999 141.186 139.256 136.888 134.025 130.575 126.513 121.961 117.699 114.211 111.304 108.484 105.347
158.203 156.948 155.715 154.538 153.539 152.779 152.125 151.524 151.021 150.512 149.983 149.4 148.866 148.192 146.68 144.38 141.642 139.076 136.882 135.072 133.39 133.214 134.854 137.58 140.335 142.767 144.891 146.883 149.104 151.689 154.235 156.402 158.404 160.512 162.625 164.567 166.19 167.482 167.82 167.235 166.269 165.179 164.004 162.563 160.718 158.781 157.086 155.61 154.053 152.364 150.937 149.25 147.217 145.298 143.518 141.72 139.772 137.518 135.047 131.963 128.114 123.646 119.247 115.489 112.416 109.676 106.834
160.049 158.879 157.768 156.691 155.685 154.877 154.222 153.622 153.052 152.438 151.923 151.368 150.643 149.793 148.482 146.521 144.018 141.392 139.019 137.049 135.874 135.001 135.488 137.662 139.952 142.227 144.401 146.483 148.769 151.318 153.813 155.989 158.005 160.079 162.163 164.133 166.029 167.584 168.173 167.834 166.972 165.9 164.711 163.308 161.541 159.597 157.717 156.137 154.679 153.176 151.608 149.732 147.592 145.68 143.887 142.025 140.083 138.04 135.753 133.06 129.598 125.403 120.859 116.739 113.458 110.799 108.08
161.522 160.494 159.55 158.664 157.77 156.982 156.305 155.73 155.18 154.545 153.975 153.522 152.678 151.454 150.185 148.466 146.237 143.748 141.269 139.085 137.545 136.938 136.814 137.987 139.585 141.628 143.829 145.997 148.339 150.83 153.281 155.512 157.584 159.658 161.767 163.792 165.747 167.473 168.363 168.288 167.6 166.638 165.485 164.086 162.384 160.416 158.42 156.679 155.182 153.776 152.182 150.188 147.942 145.859 143.94 142.083 140.095 138.185 136.259 133.926 130.845 126.957 122.481 118.209 114.717 111.979 109.395
162.74 161.873 161.027 160.279 159.556 158.875 158.173 157.577 157.058 156.472 155.941 155.503 154.791 153.558 152.104 150.373 148.299 145.987 143.553 141.185 139.17 138.141 138.159 138.633 139.516 141.139 143.123 145.249 147.584 150.091 152.624 154.97 157.116 159.226 161.361 163.424 165.383 167.159 168.326 168.611 168.162 167.355 166.298 164.932 163.267 161.311 159.19 157.292 155.776 154.355 152.683 150.596 148.317 146.012 143.904 142.03 140.162 138.234 136.598 134.655 131.892 128.236 123.925 119.68 116.049 113.14 110.55
